18100 26844
13 11151
11281 9415
73 3070
26437 9451
5833 15912
27713 11121
2962 14823
21275 8024
29975 25681
25191 26272
25259 6330
19973 10510
13448 8070
17665 18986
17995 15956
30945 19830
15686 13741
25516 15921
29677 14045
22730 4516
7991 10110
27578 22499
16165 10110
4395 26008
16415 2058
32105 6846
31547 15058
28705 15932
30080 13860
6592 9091
28011 9451
2113 12433
5458 14794
10904 22842
15103 14297
17079 14615
24450 25283
10606 4571
7341 12175
709 11979
11997 11999
20494 22232
26737 21799
856 20942
16718 22499
6008 13807
14975 10643
10796 15912
24280 24692
1175 22512
34227 15699
21118 19610
32388 25766
26697 7077
28000 19483
4755 12736
14327 1199
15931 5367
1437 11472
33732 16744
31593 11023
10504 10510
26092 11979
707 15624
23829 21877
12477 22939
1476 26038
9690 9951
30273 14795
19356 15932
33657 4864
25938 16475
8728 14058
28697 19819
17039 15865
11738 1199
21193 1026
11564 18161
20104 17879
21605 25290
21509 18086
2828 19259
15276 22502
34062 22133
24142 9605
22852 25696
5836 23657
24582 11039
1072 21276
7215 9860
16929 18468
19269 19259
4053 19259
14843 14776
7420 20049
32630 9951
6795 9451
28658 14319
26205 22849
25201 6630
2196 4571
12734 22842
15394 26910
31880 19568
22249 18768
32059 14615
32073 17271
21041 15956
980 14297
25854 5987
4773 14297
7035 22842
25767 25466
1654 6422
20783 15509
646 11979
4391 26008
30621 20672
23132 24876
20725 22592
30790 26297
12918 3181
13414 10123
16600 15699
34033 22502
16314 5446
4831 14297
5746 2227
10821 13860
24226 24176
11563 19259
34104 9451
2640 19259
12783 14049
2507 11908
13275 12231
13330 19262
15517 24316
5891 5865
2505 19622
29053 14319
14527 14611
28664 11121
13097 20309
25083 23407
17403 18775
23841 18775
9268 20811
12980 19262
19820 20817
10573 17840
11278 1199
20036 5367
12716 13857
10040 1731
24201 22849
8590 22499
26841 8718
4472 11915
6507 6630
21450 8024
23964 14319
223 14325
13489 8024
27352 15912
18499 1592
27723 21504
29611 9468
30566 9607
4557 15330
7401 20708
5697 1407
26456 12371
34215 25283
5780 22002
636 11979
31008 19303
10168 16666
15139 8024
17917 4831
1810 1725
13252 15612
12331 13741
17750 7451
6478 18462
14562 12710
26806 18561
15383 1731
21154 18161
20919 15606
28654 18157
28778 9633
310 20309
24241 2249
31225 9451
23906 14273
14544 19819
2571 29404
20186 6330
23768 15741
18016 16206
657 18209
33682 7610
7267 22459
25202 20765
20517 24692
33758 903
14160 19262
31354 14469
13657 14075
15073 13876
12109 5767
2995 15956
14203 9415
26846 16181
15735 22499
2584 19242
7036 19822
29574 9538
30366 2208
6004 21077
18698 19552
31227 14325
27690 8718
23382 9605
30624 30676
2827 19262
20715 19741
7955 1725
23088 27086
6230 22002
18289 14049
8481 9566
19667 6683
8502 5976
12238 16159
20500 20156
21651 24876
7750 2249
31542 14129
25048 9451
495 14135
15258 14289
20146 11121
30596 22502
31022 22939
27929 19262
28083 6550
8734 13876
27614 19822
23006 14469
851 15932
5712 9860
1782 10110
9483 15612
341 13857
26965 5925
23377 24376
25741 13545
19092 19108
19978 12433
14296 15932
19596 13857
29900 15384
14768 13807
100 15956
19638 10083
31049 10510
14934 9951
25919 26770
27873 19175
31942 20672
23781 25316
19276 15921
20286 26039
23220 26883
24012 19622
14340 14056
5100 19425
29906 3995
12689 15932
6401 13876
3755 9605
16707 3255
15556 9802
28839 14214
26345 4571
7808 14049
14835 19262
23050 19483
17049 22505
4412 16424
16798 24365
15187 2249
28434 16181
22921 19622
23072 21073
10976 10675
4115 19262
27198 25466
14184 20811
16455 11121
33173 22133
16630 13653
34494 14319
28817 18157
27217 13910
33634 2249
34268 19610
11291 19823
1139 4571
30893 20399
13358 4864
25884 13876
5459 22939
21318 13003
21845 16475
4654 23240
28589 12433
33265 5987
25585 11039
5460 22502
18975 15741
31660 24993
23139 11039
13080 19059
13345 9951
6768 20767
14929 9951
1683 26038
33925 9451
9189 15163
12253 22842
15822 4571
9307 9605
30804 18330
14560 12692
26769 27261
21055 5446
32910 13910
17073 11492
33668 15844
3703 5987
34308 17186
17507 13807
24755 9951
23886 18104
28244 14666
19403 7077
305 15912
5103 16733
1878 25490
17010 17618
19493 1199
2623 12433
30576 24109
15489 9566
17604 25963
33025 11956
12216 11472
25911 28103
7249 2249
25336 17847
26171 17186
23598 9538
29616 20680
16671 11023
16473 9605
6889 6846
33332 14752
3300 19262
22543 25419
18080 15058
29637 20811
17138 5807
14809 16744
31160 9451
24775 5343
10353 2249
7410 16094
9022 20443
7259 14049
1517 1725
9656 19819
15039 13578
14927 17847
23425 20566
6252 12767
13921 22842
17195 18775
33316 20561
7917 14231
11735 20979
15655 5987
15059 15912
18722 10510
17385 17184
5433 15912
4604 8718
23287 9605
24966 15921
23621 18462
28164 26299
23467 17186
15472 15231
5262 17763
30948 11641
723 20141
74 15955
34145 9380
17323 19262
12697 1199
8479 5976
3155 5987
31238 14305
3086 19175
18218 12778
19944 8024
29838 12433
5670 4831
21188 19262
3052 19244
4158 16206
27479 15575
3619 14669
6765 8070
21808 25795
8392 5976
8157 8024
243 14135
13003 8024
6722 1725
5017 19425
24214 18775
515 25283
21122 13520
34445 18372
15399 11121
18659 5987
14480 4571
6777 1725
27347 3094
587 20944
24166 15961
8740 11677
2484 20049
7150 14297
10986 18790
15117 9951
16768 14297
2433 3451
6794 9451
16310 5204
4465 25466
1942 10083
21436 20945
15396 9860
10107 21373
25979 16893
8267 22354
14122 17847
29181 21682
12326 9546
12240 7077
7774 19820
24983 10590
25871 6785
5446 24376
23959 14135
23508 19765
17748 18086
7667 15932
4822 14297
21721 18209
29059 12736
21786 9605
12562 27167
6332 3237
7858 5367
12263 22459
643 1199
30770 1199
14682 20805
30426 17107
29249 13857
22269 23234
26359 25115
30001 22376
1393 1199
25617 9451
24134 4831
28095 21073
12478 8024
14466 14297
29769 6630
28084 20753
19966 8024
25675 3164
19275 4797
1947 25070
30433 2272
13964 19303
18534 18551
7770 14049
7554 18775
23221 21321
32837 19177
955 12766
11505 16893
24845 9147
23832 20945
25671 5987
5910 21363
15891 18330
21763 19819
11369 14093
7891 14058
16425 18288
6510 6630
10058 18775
12641 19262
30543 17003
17429 15402
8237 21962
6300 25466
2392 23657
28428 14499
21229 22502
10365 22939
7832 9091
12569 9774
31407 23323
21892 24200
22995 12772
9131 18986
13705 17547
25096 18030
11742 19000
5935 21363
28026 8129
17639 7116
29230 9415
29044 8117
13899 10590
6947 14297
31888 23843
17714 12173
17435 25569
24020 15384
31453 16858
27081 3164
14417 1199
32013 5446
29484 11023
28572 9951
32908 12766
10115 15058
8071 8070
1872 1725
28441 14592
15961 26039
27103 26749
29453 12766
7633 22374
14362 5987
9552 5976
27150 1552
16562 8070
212 19262
21194 22354
3018 19545
33076 25681
30058 15005
10753 15672
19407 23937
25376 14945
7673 23935
22793 19945
7277 1295
14599 15924
14702 21373
18871 11607
13257 8070
18566 5367
7627 18775
24109 9951
33420 24200
29952 18157
5687 22502
29865 9966
14586 5987
30421 19144
21116 21148
20396 17879
14855 20443
21489 7099
13148 3094
4815 9631
7618 25283
629 19175
6579 5987
4508 15830
16316 15402
29631 30598
12788 20443
33856 17463
14515 14058
18404 21148
11792 14319
5454 9383
14037 18086
5441 8024
3908 19059
9849 27086
27496 26883
26610 2012
14566 24692
16299 5204
12465 15932
17740 20443
28512 16424
1899 21373
31549 3973
15999 11121
31974 20960
9986 22842
24608 10590
10081 22002
8652 4516
34301 11472
12834 19747
27025 14129
3353 19262
756 13876
15930 9091
2779 8024
30053 21000
8808 19262
30998 7902
7020 14135
7788 21276
31300 27907
10868 12256
17550 25466
17220 18775
29378 20522
27819 19303
597 15932
23123 15921
30515 21321
11389 21799
11766 17186
32911 22499
12241 6919
3597 12736
34476 23657
27482 20672
24863 17184
8794 19262
16706 18322
32688 20203
12872 6228
1785 1731
16781 8024
7265 14049
15928 5987
31671 15334
30483 11996
22069 17505
12671 1199
13417 2173
11953 14297
993 5367
32015 23240
21030 13491
29714 4516
26742 5987
4239 11641
14877 18462
4890 14045
34312 20978
6694 7902
2757 12433
30166 14469
6439 15741
7790 14795
18250 5987
33587 29188
26411 19244
20626 11607
1876 10861
12931 19542
17423 18182
31844 18030
1993 15912
32302 27700
19554 11641
27278 14297
24409 14615
13112 12433
27802 19542
16330 26841
27 1199
694 19262
33243 11121
14676 15912
29980 4571
6578 8024
29293 1725
30124 17847
17406 6140
33343 16691
18941 16108
10292 21055
21224 16457
31951 19175
6858 15612
28515 15820
27812 17181
19392 24434
22795 12766
10001 23202
25599 25981
30572 8422
5270 3181
30974 5987
24289 26910
68 13857
13927 14297
2415 25466
31864 15655
8771 12804
4497 4571
19552 20443
12785 22842
31417 17847
26870 12453
24712 15932
17903 4831
26316 16475
33512 10409
31967 9113
31068 19819
20606 4797
22853 12175
5209 31545
21076 23240
13662 21148
12314 18775
5654 12586
22386 19262
21491 16206
31633 20546
33699 25335
9792 9451
25140 11121
30934 20767
25282 5181
949 5367
32680 20811
14723 3094
12524 26197
2576 19259
6038 17877
16426 11979
26901 6630
2116 22002
23636 13590
30360 15941
25734 903
9034 20443
11484 18209
28438 5733
12162 17847
12902 18330
26181 16744
1970 5987
210 19262
29873 9451
13701 19858
18920 8024
14600 23657
34256 7116
32422 16475
25100 5822
12365 8070
17090 5976
16731 22499
34443 9951
3421 15058
22828 25474
15067 22546
7921 22939
481 25641
514 21700
33011 13581
15141 12433
14000 1592
6952 9605
32758 8024
26256 24212
16064 3237
31355 18951
27743 22499
28973 16495
24736 17847
31183 15330
14524 12767
4917 8641
4567 26008
17353 1199
10673 15672
25992 18775
22962 1199
5095 8641
19950 8303
22459 3995
32053 8641
28094 24984
18915 18161
19670 9860
31088 14469
22464 8129
3118 14135
5742 11121
12917 19568
19853 19819
6462 29983
19053 19542
26176 21073
7125 15162
31321 11023
18319 20811
3595 12736
20812 19437
6448 10921
1051 13876
33383 17167
20935 24176
19001 19819
24546 7610
6216 1731
228 11348
2213 18330
20014 14592
8486 19262
4064 19819
17670 21276
24794 19819
1005 22459
5387 15058
18187 13807
8236 13790
16794 11492
13553 18775
25856 21073
428 8129
20777 15780
20017 5807
25899 20496
20057 24964
553 15941
8554 14325
20479 25551
24740 9951
13709 6846
23215 5650
8996 15005
19440 14319
23695 18030
11607 19622
30264 25563
25253 13876
3171 24420
31730 22376
31786 9802
21964 22499
24632 25283
10828 22389
2611 14755
22508 6168
14607 8024
25664 23302
29938 18330
17512 25290
12364 8070
11215 9380
32774 20443
15360 8718
7612 21276
10869 22939
7559 21276
9620 13807
2797 8024
23615 5014
23843 9091
27599 8641
10807 13860
16271 11121
18248 9605
20043 17847
18143 1199
9356 9605
11077 27661
15799 9605
11848 18708
32973 3995
301 21276
17532 13581
19549 17364
32532 19262
11251 22842
11976 15699
19036 13807
30037 903
8191 16255
21080 15672
15675 12710
2781 12256
22814 14615
13059 15509
23320 3550
13008 19259
15960 8641
27245 19259
27756 19262
4558 17847
10127 1731
211 19259
34380 28103
22927 10969
27858 17003
19438 1199
27270 4516
2419 2227
24159 15921
26109 16181
20084 14093
31653 16893
8290 4797
14360 25696
21972 14297
21478 19820
31997 20957
30874 11956
26934 9605
15224 25115
27503 23212
26040 26002
24684 21276
12711 15932
30169 4364
26264 1199
26602 6228
22370 3255
89 13590
9385 22437
9272 9605
3673 5987
12202 1552
7894 14058
14454 13508
33988 19052
31578 19259
30935 15699
3635 8024
23522 9482
17063 14615
31245 9774
20344 13910
17378 6140
24046 4864
32995 5367
11660 14615
23067 6228
18982 1199
13914 19819
9720 17880
24558 3094
4075 14135
15449 16255
4642 20660
14347 5181
18114 4650
17282 14469
2482 3164
13707 6846
13123 5343
27457 12125
9754 22842
22786 23685
5152 570
19104 1199
15665 15672
5094 16893
8680 9415
28950 13857
24987 19000
33838 1725
30522 23446
3132 7902
25138 10510
11216 18775
9817 19175
30206 19287
1916 26038
10664 9451
12915 24376
22186 10510
13716 8422
11872 18161
30406 16495
15939 6630
19751 9380
15066 25743
31808 13044
32611 27167
33566 18485
14251 13860
23931 11121
31715 25960
12110 10106
17349 14615
502 14297
11480 21924
17617 5976
33403 14297
32361 22133
2566 19622
26094 19542
15340 1199
15176 5987
26004 17463
16659 14297
28603 24984
14783 903
16005 9802
12794 18775
6933 24554
9543 1199
12916 18330
28459 15509
27135 1407
13179 18775
16358 9383
20028 2037
24106 14615
12498 3237
869 12710
7805 11251
27047 11039
11525 24376
26421 22133
19030 24420
14841 14776
4645 20660
32793 14325
26984 27737
18064 8303
16090 22330
16079 12256
19157 15058
32583 9415
29113 24212
29250 26488
2047 6846
21663 14058
27023 16159
14953 26006
6262 23657
32715 9951
12853 5767
84 19000
27171 26978
28171 22133
5588 3461
23279 24316
1467 1725
28557 11677
13313 5343
25861 11121
4761 22842
702 19945
14823 17259
7668 15932
860 15932
29065 24199
5386 15924
23257 24420
6650 10861
14139 1199
5008 5976
33787 4831
16934 4388
18598 1199
20259 3995
19913 11830
11102 8129
27754 12256
21883 4650
15403 22002
32703 20224
3374 3181
33409 18161
31063 14136
18522 17879
23918 16108
13205 19259
7310 13738
13469 3094
23675 22499
9073 22842
30394 23027
28780 13578
13726 9605
22237 20443
34522 16090
8523 15932
3417 8024
26608 5807
2098 22002
24534 19415
9512 7643
33893 17089
22169 19262
18395 12433
11288 30052
30160 22274
13124 10110
12342 18645
22497 16666
32117 20399
27676 19819
31410 9380
25060 14319
13239 18645
33805 5865
13491 26008
31184 8840
4847 14135
34234 11908
26197 15005
27416 26
29746 9951
17741 12423
27361 5080
14686 15391
28729 5080
16223 19259
27556 20747
8202 22389
20009 13245
24440 13857
2930 19819
21783 5987
26948 15934
5314 1725
19082 14319
15875 12256
31652 23048
3598 19819
2709 8641
33371 7942
16167 11979
4288 9091
1984 15912
15514 9605
6391 14878
23554 10680
5145 14058
28412 17847
23484 22847
33799 18462
3668 14781
14243 13581
3242 16893
26670 16159
12290 15912
6319 1199
26028 2227
32005 1541
15166 14093
30914 24510
14469 12736
22124 4650
22617 29869
27611 1199
17339 15612
27714 13857
13594 13860
30909 23302
32666 21729
30442 8070
23428 1592
32897 11641
27712 13807
26343 20654
18615 7643
8206 19262
19800 24192
25579 18561
14402 6752
5846 17320
21917 1731
5848 15932
2258 1199
31339 14319
19702 28072
26894 14297
30899 15865
19731 27834
27946 16893
16842 16192
15909 4364
5750 12433
17885 15741
24108 1199
30399 25283
33545 10063
24839 14961
5681 14325
13870 18330
24359 24316
16946 11251
14248 14469
18631 1199
1796 13741
31404 22133
32972 6630
28828 26689
10447 14592
2086 8024
23779 25316
19925 9113
15415 13653
26245 23657
12422 13653
32380 22133
24446 4797
7368 12724
6676 19262
29620 15865
27313 12574
31003 10310
28826 11023
2980 19262
16169 13263
27262 15916
7239 26883
17417 10106
6851 19819
19509 1725
11302 19819
18060 20979
11698 20672
593 16835
25114 17960
1469 15912
8038 25490
14137 19610
6170 14597
28815 27355
21836 1199
28325 19559
22900 24824
32654 10409
12409 24681
31297 15005
9917 4571
28662 15530
23135 6919
14769 19819
26494 19823
13984 8117
9469 17463
12225 10251
5249 7902
16083 18209
14386 20767
11554 11641
18509 17181
18696 16835
19578 18986
24130 20243
25453 5987
22173 19262
26903 6630
32784 9451
24218 10110
4409 10590
24115 20399
3096 9091
14902 14325
25541 12231
26448 16835
33233 9951
6350 26
6545 15058
26869 2173
18662 5976
5647 12736
9800 6785
12909 18330
23150 18165
6295 11908
9547 9605
23366 14135
18344 5296
16024 19175
6830 17014
1982 13004
4760 16181
26407 24239
26204 13807
13001 9415
25942 23860
34221 14878
16858 16666
1240 23657
25531 11853
33330 22842
10880 17038
12535 26883
6195 23657
15225 11908
15060 18080
20106 11908
21844 16475
28100 6785
18608 22499
3576 14135
12779 17186
31707 15293
10428 14135
12737 1199
740 13581
21603 22133
31135 1199
11038 19545
32097 21682
29456 14325
2557 19437
2639 14325
1674 12433
12207 12433
20063 16858
12029 16893
27411 22459
8570 4797
2684 19175
7591 18775
24726 8024
21930 15764
7882 15912
7075 903
13996 12775
22134 19059
23029 9091
26554 30598
31552 5987
20138 14049
28703 12710
17683 14615
8404 18330
739 10680
18168 8303
20354 8633
32134 9667
17318 13578
7804 8024
31576 23717
16357 15699
19901 1592
30524 12961
14505 3451
20762 1407
5212 13857
18410 14722
9033 12191
31330 21772
5242 1199
33284 7643
25935 14297
14288 23655
31538 13653
15641 15672
26775 1199
19951 13860
4911 25681
3298 23657
14596 23657
14828 19259
21301 17847
3248 4516
32416 1199
4744 19175
14922 5987
17085 8365
8467 9605
22587 22853
29317 8641
27319 11023
23124 13857
12232 15101
4495 4571
21248 13857
26117 21276
536 15912
34487 7116
24679 5987
26289 16206
28234 12175
22228 22229
27093 8365
5828 15912
17157 18768
32470 16206
23198 26426
6395 5367
7369 19830
5948 9957
21642 17775
25726 5976
9068 25134
17691 16255
30565 9312
10672 19262
29368 27767
31881 4388
29606 19483
9621 14135
8092 5367
13069 14297
1421 8024
30296 18775
4129 25134
10400 19175
21273 9091
13905 18330
25240 5014
30532 15921
20298 9468
4875 19425
2375 14135
29381 21249
10200 13653
256 19259
4722 12736
1784 8024
24617 16974
23076 22592
8074 5807
25775 9860
29072 17107
30803 14781
19331 14297
25068 11641
3952 3550
27857 15672
27091 25223
21619 11641
31911 21268
30390 20907
25284 1725
7467 9633
28336 20443
26460 22548
7760 22459
18173 20443
17769 17186
34318 8422
3644 23657
15270 17763
7288 12400
27104 15334
5788 8718
27033 18986
12549 6696
30598 22512
6524 23657
7722 21276
30101 8633
6573 14795
6591 19945
29465 12175
30642 17304
11087 13876
14405 21682
6936 14297
11856 10651
20506 25480
21152 4516
16644 19545
30768 14319
23037 9091
1217 4797
8757 17989
11847 15098
20021 22453
14641 10861
13099 2173
23277 14058
2572 19622
15539 20811
16122 24554
16451 13807
22223 18986
10334 19639
7625 21077
26641 18768
2426 14058
16870 13581
19602 22354
6251 5367
31446 20141
11190 21924
17737 6422
21208 18775
20513 17095
9717 11121
34534 20305
7280 20141
32871 22842
5636 15672
34257 6696
16551 16033
8616 19594
30061 10106
16624 5367
27649 15624
20001 17827
30710 20811
22429 16108
6139 5987
18894 9951
11991 10590
2410 23657
24230 26689
9727 1199
11894 5987
27259 19618
26402 28026
18476 15921
6930 9605
7783 21276
23026 23211
7257 7902
29352 25283
27716 7451
5515 23657
28738 16495
7549 21276
4605 16893
29504 13653
29304 9095
5878 11121
17377 18775
11951 19819
27269 16893
28179 18768
4743 22842
6960 11979
13284 20817
21303 14319
24116 3181
15877 22485
24333 1199
8510 12710
10492 14611
2233 1725
9551 26006
8880 5822
31685 21061
23000 9105
4606 8718
13299 25731
12459 21924
34258 22523
23487 1199
27294 19175
29572 5807
29223 25316
21966 19259
16446 20208
14961 23685
7829 8024
30652 9951
23167 16061
614 25696
4515 16424
33351 14289
31284 4797
28174 17960
29058 12191
24113 19262
7557 10261
26599 12178
14278 18086
20615 19262
499 22842
20844 10852
23264 21739
21680 15921
32955 17763
12463 22847
21532 20141
33039 19811
33565 7679
19368 15384
17616 3995
30075 13473
22170 19262
4290 2227
4818 16181
11762 22229
17074 16206
26548 19177
11626 9451
16014 19819
1497 12433
5889 24376
27732 14319
13167 8070
22181 18462
20082 28967
10136 11251
3682 5987
2890 22354
28814 16495
13343 4864
15114 9605
18797 19175
30604 17310
19343 8303
7861 12433
26970 13520
15296 19858
28625 15672
9207 23415
8125 8641
33890 7643
12323 8422
9497 9951
360 29188
263 14143
28858 24324
5020 8641
25266 23235
19192 16451
19517 25062
7864 5367
24788 15351
9059 22842
8289 3094
443 12256
17134 16061
12445 19545
28077 4364
26298 21061
12302 18775
3147 4797
5432 8024
22387 16761
15364 22502
16320 8070
21874 21061
21747 13865
33113 5865
24920 4864
22068 7643
13933 5976
6692 22502
29993 5976
18004 18161
30950 14325
23465 18963
22148 26287
27143 15
5154 6919
8180 15921
33177 13545
13795 16033
10740 8129
14308 13593
382 12713
27885 18775
20621 9415
21928 1199
7690 20399
22074 21061
7372 19830
31136 21937
7220 20945
31787 21276
29859 22842
16443 14319
22483 23240
20034 13910
17552 11915
18090 20960
31630 22499
15652 3181
4003 23212
25802 3550
7240 2249
28798 2173
750 15932
27146 8070
3726 9951
12203 4797
21501 22376
31904 19175
7513 22437
30763 7116
8160 27661
24000 14795
30228 21276
33188 14666
17401 1592
21596 21073
20433 5987
19519 13545
29175 22133
13135 1846
30525 15741
19881 14319
1573 12433
13885 9091
28519 18330
20032 12907
26356 23244
20095 23152
14813 5976
16084 9605
9235 9605
7725 14049
11950 19819
21790 4831
19231 19819
2638 19259
21761 5987
2138 22842
8465 15384
29775 15163
6547 12256
2641 14325
20490 12767
19655 22871
9906 18672
5162 5446
8077 15790
23970 17847
6307 22939
25829 15575
2667 1199
27124 17763
8094 11908
17058 14075
24299 5987
10956 1199
12051 8718
10936 26374
4287 15741
29650 18296
30440 11996
22681 25480
8779 19259
11107 4797
23771 18768
15639 10110
29451 19598
25455 14049
8159 8024
27840 9957
3517 6785
33821 21073
26738 19262
26917 2249
30686 25472
23228 26883
16557 10110
26436 8422
21640 19175
23129 9951
33123 19262
7424 4831
21665 10310
14664 8303
5651 4797
17821 6919
2993 17463
21691 28072
8657 5987
3585 19819
1698 9860
14342 12433
14895 13057
653 14289
34503 10680
34347 25134
33728 20923
11521 22939
22205 20590
33072 23407
13755 1199
28884 7643
25776 13857
31809 5807
33171 27503
1135 8641
5916 1199
18367 12767
22113 32419
12559 14795
31219 20141
32226 21064
4390 14297
21320 13790
6881 9951
15753 7116
10620 18330
10425 19819
32183 3583
25425 21410
3583 19819
34187 10921
23791 25225
34218 6630
2563 29404
11802 9538
425 15058
25237 27737
17371 2173
21866 23685
24215 15699
29608 19483
26888 9113
32490 4516
6782 9451
34536 22453
12221 5446
30417 5865
22707 7818
23380 14297
21482 9607
20507 19639
18454 21410
21458 14297
31854 8070
31889 8641
14752 9415
25571 12143
15880 26006
30932 1731
31662 5865
15715 10861
10574 11915
23975 15005
13036 18462
11295 21889
15382 22502
31019 8024
9355 20811
21104 18775
21915 3181
1030 21321
4529 1199
13699 19858
22198 1026
19547 10110
14606 5367
31870 13013
26389 25466
31138 10138
15985 18462
18788 19274
29932 15330
9071 19483
11944 9566
18351 8024
20409 3181
16284 15956
6763 1725
12789 21328
18653 9538
8375 25223
16092 19822
2009 3181
22160 12574
13260 13741
31725 18086
28196 17547
31425 345
12010 4571
10978 19819
6738 10129
19340 9631
26433 12907
17990 1199
30538 20672
5905 14319
22020 8718
25049 27355
28375 25055
34456 5080
21793 14297
10939 1199
7430 20049
19974 16506
8994 5987
10720 4864
27035 5446
9306 9605
32467 9415
24263 14592
22990 8024
14230 6630
18480 22545
24978 20767
23930 15932
882 23657
2360 17763
31196 27907
23783 6630
22443 14615
7073 8024
14114 11348
22981 5925
20125 9091
33301 19437
29540 6330
19458 9957
3776 9607
9049 12256
17061 27286
10684 11023
4070 5987
7235 14049
24310 3451
30856 14093
7734 22453
4351 25466
32892 17960
2198 19819
10433 5367
16454 24714
1477 21373
16742 19262
10851 22389
13332 12766
6715 2249
18808 20796
19585 15058
28779 11999
25256 5865
15229 26469
24991 17960
2642 23657
3229 8633
11315 19415
13482 22939
20383 23715
32001 18768
29109 14795
11256 25134
22789 6829
7106 16206
32891 14469
31872 24554
18909 9451
15507 3814
7370 14469
33023 5343
31084 21410
2467 19622
12102 18775
23919 25963
4585 4516
12338 13473
6667 22939
33182 3237
6440 14795
9410 1199
19486 21363
23622 21073
5120 27737
846 23657
17587 19175
23216 9091
10984 19819
33133 25223
2078 8718
19140 6919
8017 8024
28547 1592
25817 13876
6537 23657
4888 22847
10321 19287
