17441 5541
23464 14486
31 12753
2454 8133
3087 14679
2263 6296
6028 13140
10006 5835
3295 2283
8771 8659
5811 9948
14402 3694
7530 1810
13155 3471
15250 13524
27630 7701
21396 5552
15166 6006
13326 13031
17507 1691
17843 10173
21227 9668
7193 17856
5443 12754
2675 6476
2819 6296
2372 5232
19644 2926
475 8169
19390 6476
8772 8125
2018 15369
13559 2395
22334 3291
14979 11624
3038 13571
17696 8064
13255 5410
23820 11571
22430 7216
17700 12893
3797 6296
6580 10723
1630 6296
14865 12326
21899 6535
21602 9205
7906 8413
4861 5479
22008 6216
20005 7787
21670 11155
16903 10723
3992 6296
1253 6296
9386 598
17144 16988
9529 11729
20948 7172
22707 10635
27201 11137
15013 6322
2637 5542
9152 25155
13707 5455
358 8653
17571 16818
16081 24596
17040 7159
18493 7347
13314 2555
5221 2094
9088 3846
23045 10291
3009 11295
21008 10804
320 14679
20257 598
18306 2395
20016 11419
4153 14679
3924 6758
19951 2555
16196 4783
19207 2012
6531 12743
17965 2395
25632 14769
18747 8413
8925 19236
6164 8413
7563 2395
26637 13105
24005 11352
11246 3131
5058 6059
4672 12754
4197 12753
2017 8413
8635 20060
20354 11156
14071 11593
21111 5477
11069 13437
13687 2395
15794 13571
8668 15729
799 6296
12678 12753
3244 10723
10370 12753
4287 8132
15360 598
14707 9058
22487 12165
3836 4949
19350 10723
3586 1403
20042 598
1170 7127
23225 6476
6682 8413
17058 9058
5048 17745
23236 15922
5696 10723
3370 10102
10614 8169
4418 16010
21590 11295
12100 1403
21692 5378
17818 14239
23602 16905
15233 1945
12283 9777
1497 290
26790 24902
21318 3994
8643 19842
22326 3291
1999 3574
13284 10117
8468 20060
12383 24509
17418 2378
19041 7985
9548 6476
1121 24330
9570 25204
22650 8565
20273 9799
11401 1112
12747 5940
21906 12629
23598 14212
19833 6322
25630 24496
5745 22969
24093 13031
14637 3667
23429 3994
17911 9668
16469 6493
5113 6476
19294 8471
5083 2283
21610 2378
5270 12753
18993 2395
8985 13571
20332 290
17108 9948
12930 6381
22048 5542
4100 24364
9941 24438
3207 6296
789 10723
27144 2283
21698 9772
20876 11629
2682 24484
8963 19236
21206 9668
26162 24713
18619 4727
27660 6296
20103 6535
18519 8573
21019 15669
3215 5542
8624 24901
830 8413
9559 15369
15433 863
27019 8413
19182 5542
9193 16010
4261 5062
14987 14652
15245 24438
20513 10640
9075 13437
895 6296
9385 229
9313 598
13618 20666
9115 20173
22294 5700
26542 6174
23359 14136
17064 6476
15188 6472
2375 1101
17865 6440
24022 4727
20702 12660
1797 11137
1583 12754
17195 7701
17208 598
10092 14789
180 18763
13111 3291
18715 4085
16542 7671
15702 12984
11150 5062
19492 6322
6387 8653
23198 3846
27308 8285
15265 4085
23338 6976
14988 290
10077 10930
25251 24640
7391 18610
5344 13077
21413 598
13391 10773
19518 11173
15724 11281
19744 5541
20495 20038
16952 12972
21953 9514
23678 4063
20272 9668
22100 24856
26973 6296
3619 12754
1454 25935
7246 15163
13472 8169
5770 1101
15837 6476
5999 11206
9635 20060
20352 2924
1616 10102
21704 5802
21832 8790
23383 12165
3738 2283
2540 12753
18181 6006
2332 5542
18628 4618
23637 10723
13503 16818
7785 229
13130 5539
7579 13571
14408 7978
12316 10723
20720 5541
4273 6476
6321 10102
16373 11407
17329 9423
7493 8413
4952 18610
20750 10198
17810 26412
13909 5232
716 7127
23645 3432
2738 12590
18380 8169
868 290
18505 6493
3499 7127
7429 5542
21630 15915
16458 2394
19486 1403
15721 8064
3253 8659
13362 8589
20905 9031
11519 24927
15863 14679
4289 8132
9478 24267
20290 8804
12501 9948
1954 5542
1475 13571
11510 11517
16003 9717
1219 8169
10845 290
7625 2709
12409 4612
8829 2378
17166 9668
15195 6333
6507 6296
19185 5542
19197 2012
6980 14736
2784 1669
3234 12753
1233 6296
17424 11156
27392 24843
26994 20060
20052 7159
10981 4783
19058 15042
7462 24438
20540 7566
12476 1810
20763 3852
19909 18791
19080 20060
26978 7662
6470 2283
12965 5827
21969 9717
15992 7701
11455 6139
13975 6758
18804 3475
19676 8013
16828 1772
18385 3291
12239 6070
20570 7201
13363 2503
351 6296
2723 6296
9123 24853
7992 11631
12910 290
9302 598
2237 8413
10366 10102
17280 598
16983 14646
22798 8013
23495 9296
4227 6758
10030 14789
2001 8348
3600 24364
20055 7648
22669 8953
10015 9948
13393 6322
3278 8659
15280 5541
14319 24315
16140 2378
16357 10723
27018 12754
26906 13113
19867 290
9667 6296
20890 11798
17029 6976
14494 6296
21769 18262
20550 16987
10716 6296
17011 7985
27645 6999
23901 5542
9392 598
14582 229
22817 6775
21029 9717
4880 8102
8290 12272
1652 20138
8824 8377
23557 2395
18492 9543
20745 9668
2230 6296
2605 13571
19387 6601
2291 6476
4924 6296
23596 12092
24195 12978
1551 6296
21786 5541
435 21288
8221 19236
6532 15415
10214 6381
15277 13482
27626 229
21995 1793
4922 6296
26456 11631
10485 6758
19872 6684
22338 21692
22951 9204
17629 2283
18698 9668
767 8659
22452 8158
12670 4727
16641 5700
347 14679
5251 5062
22887 4727
21917 8724
16019 5553
15502 14835
21331 9717
21016 8064
22007 12595
5610 2283
14420 6352
19282 8971
23220 7347
21451 598
2239 8413
18963 3846
19826 6322
9160 4949
14969 5835
7557 10102
3257 2283
24202 598
8474 1101
385 3574
8768 10448
6545 3574
9569 15415
12016 3159
3997 11631
22843 2378
5106 863
26882 6352
817 8659
17923 988
16467 6006
23696 11293
21266 9930
9859 18340
12545 8457
9147 6296
2163 14679
2066 13571
13606 23397
9881 24509
5501 1112
393 21288
5219 8132
3799 2283
24050 10873
19831 5541
8105 3978
12936 12057
7434 10102
16345 21288
20675 3291
7637 10723
9672 9948
16613 4693
8766 6476
3268 6476
24028 11947
11337 21013
13221 8064
14551 6296
18817 2283
20967 7347
27718 20038
18335 1810
3411 6296
1546 12754
5686 6296
6450 3574
27459 7290
21361 22745
1006 24695
17528 1691
22174 7159
17135 12272
8639 24242
4870 9948
1943 7607
17628 2283
23145 2283
6831 15548
20960 7127
21192 1945
22308 12359
20976 6296
9109 2283
15138 9948
8684 20060
812 3994
20601 6535
23361 6287
8880 13482
3092 8413
15999 14282
27149 16010
4475 6296
2944 10723
11746 3291
1266 6296
2959 229
27655 20558
18416 12209
12562 2378
21640 6976
12210 9825
3408 290
20874 22990
329 14679
21554 8565
3364 13571
11476 11137
13159 6775
9581 20037
21724 11952
2175 24755
18880 10256
1606 14736
22049 10494
23568 6382
9880 21538
6685 6476
21778 2378
10136 3291
7845 3574
10754 2283
7474 24438
11324 2709
20758 5087
17794 13105
25783 12060
20 14679
3260 6296
1169 2283
19915 8420
27083 10723
22966 6296
4707 15038
21989 23882
1387 6296
14785 5147
18904 598
20076 11825
26879 15415
18735 3291
3332 2283
17864 8659
12117 5698
22385 13031
24001 3852
21747 16069
16116 13847
18650 5552
15573 12435
5698 10723
18681 9717
5104 5541
19735 5541
21977 7146
11982 24496
7015 7675
22792 5479
10469 24448
15847 8790
18288 2378
5527 13782
19887 11281
12830 16987
23886 9058
14032 2565
13154 1810
2010 12754
7949 6296
26231 21875
17886 9898
3851 7691
20228 6322
16507 3846
19071 2378
22328 8565
18597 5062
3501 8169
20906 1403
20824 24438
13411 10323
20783 7201
3905 8413
27625 13092
21296 2283
15176 6476
19449 1403
9219 24379
14395 26012
19876 7701
14040 5542
5987 22745
11708 24856
23715 6006
1373 13571
22884 863
23127 3964
10934 9799
25855 18610
20594 7347
22953 5700
6329 16021
18893 7146
24895 8413
11358 6322
12223 6931
10538 12272
3856 6296
10178 8169
21882 6306
15127 25562
11722 8565
4176 229
6426 11631
15387 7414
3866 9948
21795 8064
26514 20060
24220 7127
22562 11293
4720 15038
20064 14736
19352 5935
23153 5493
5860 24640
16705 5087
910 3994
2191 12754
7437 5062
13107 7648
14836 8377
27717 6999
19478 1403
13026 11631
16949 6976
21776 12165
1136 6352
15471 3574
16783 5700
2219 24901
17138 5541
5026 9742
23194 8573
17933 6296
10661 24398
3077 12753
4779 11112
16771 2378
20478 5541
22477 3964
23736 7423
10559 6296
1326 12754
16045 1403
345 12753
21219 14136
7574 4618
9938 8529
17735 14410
4125 12753
20705 4494
1017 6296
7137 16152
22991 9578
15533 5552
705 6476
3226 11295
23252 18228
2679 290
17907 2711
12529 9955
3567 3574
23958 3846
6126 1403
27681 23563
19044 4612
840 8659
23950 6322
2224 12753
7854 3964
22163 9717
23981 8064
22168 2924
3236 6296
19471 12326
10384 24279
13626 9717
9354 598
22446 17473
13104 10418
10582 1112
17031 10619
8779 290
10167 12753
18615 9470
18992 8158
18443 8659
19152 10291
4037 12754
21674 16046
7648 14769
4122 2283
16433 3964
13885 14410
3031 8413
19049 9717
20888 9668
10506 6277
16051 5552
10141 6322
3839 3574
2225 6227
18622 14674
7677 14679
13898 4085
14262 2006
17570 1101
18907 6296
27490 15681
5640 23158
14923 2555
8261 16367
22600 1810
5909 6296
2542 13460
9015 6006
1068 12696
20633 11173
867 6296
2361 8230
1175 6296
11375 2006
6414 290
8652 14679
22854 3159
1282 14736
23956 2924
21792 1772
23001 5552
23875 7347
17037 5493
3781 8169
27170 7691
10179 8413
21012 10494
8289 6296
2152 12754
16699 598
10828 10463
14667 8158
21343 6227
19136 16592
6661 11221
13867 10758
8692 20060
18713 5541
8113 7127
7451 24355
22622 10117
17744 5232
19678 12958
22936 6227
665 6296
22932 5542
16410 5493
2470 290
18120 15348
19256 9825
25682 24279
19623 6322
5217 10102
11692 11905
24165 8158
23007 8391
18446 1772
2050 8457
11791 2709
578 8132
5055 5542
17638 4618
2896 5542
12765 10463
11481 24640
18290 598
11658 8169
7148 14442
3044 10723
15696 2378
22094 6476
3613 24270
10858 2283
15810 5541
17406 2709
15592 7347
23147 12014
1185 4618
20685 8953
22601 9717
19773 3852
18414 1810
3386 20038
23550 9668
18765 25514
16342 3928
18827 1403
82 18263
956 24438
7261 6775
7047 7070
12459 12558
9008 598
15668 598
5042 2672
21840 10837
11205 24242
2816 12754
2313 8169
6098 13031
14867 9058
19279 598
22935 6227
14715 598
21155 913
21958 3672
9604 25155
26614 24835
14507 12753
21430 10723
15722 6322
534 12465
16161 7347
417 25562
19692 8659
14920 2378
14977 11919
13489 10941
9485 1810
4021 13571
549 24477
4729 21288
15472 11295
8211 8457
5789 2283
10070 10494
22525 12165
10907 24713
1552 11137
27656 10463
22617 14326
18924 10102
4809 598
6391 24496
9725 17800
19271 16802
2696 20558
21606 15369
13972 12660
26508 21991
7633 6296
6192 10723
19976 9108
18674 11637
6477 6296
18858 20842
9420 5542
11059 13031
19958 6261
13358 11107
5855 8413
23555 10990
9135 9948
9266 13571
18701 15455
11656 5541
23124 12165
10882 8557
2610 6296
20932 7201
3776 13941
4722 15038
25252 15369
25904 24621
14897 10102
22441 8158
10365 5542
20655 12059
7515 24270
22692 13460
22965 3667
12701 16152
426 14679
15279 863
23470 14327
21729 9668
1808 24755
23418 7347
26365 16152
14485 6476
205 6476
18971 12165
5456 6296
23632 7070
12448 3291
9892 1403
19849 1680
4205 6758
81 14679
27666 26458
21943 12275
4926 6296
13862 12059
20339 13460
7473 24438
26716 14446
22729 6322
21333 1101
722 2283
16617 20020
13220 6476
17568 6116
26145 8169
26849 20060
8543 11137
6511 6476
21355 6296
4874 5479
18682 3978
17312 18910
15317 5542
14438 7070
26068 8520
8681 23158
278 4949
6695 7127
2043 3574
16146 5493
20791 6277
20001 10225
19302 5541
3074 14679
21411 6333
18396 8013
27699 26750
21782 6976
3825 13140
26727 12754
178 8413
6898 2709
19608 4693
14573 6296
8524 24270
230 18610
27497 5479
4598 23626
20984 10102
2285 6758
25835 16609
13613 3159
1512 20422
6950 5062
2832 290
4088 20060
19895 2378
12253 6287
14738 7180
23109 8013
18812 14212
15864 11655
9433 4618
5499 7686
9215 12060
16968 17745
25615 7127
17038 12092
17842 9717
15313 229
23162 10535
9276 2395
14853 3291
21783 7070
1138 2283
27534 8529
8764 6775
11081 6296
16331 5087
20188 24523
13547 7201
8778 16609
10997 11000
26350 5542
9464 12754
20150 6381
7903 1810
16191 5552
19538 4727
7267 12754
21923 5062
6757 6999
511 18263
20104 12896
1141 14736
16582 10418
19714 3667
20260 15369
21808 7351
10145 12753
13300 384
17899 3964
2660 20060
10587 11155
26914 2709
2625 5542
23157 24746
9893 24330
3991 6296
8999 15415
14830 8377
4971 8413
21315 9668
2069 12753
16495 10723
16038 8557
17046 5541
2311 14769
2226 6296
20785 2283
12964 7004
26631 6296
20412 6476
16025 8013
18377 14184
2639 5542
1580 8169
20977 6306
14200 10723
3036 290
15615 9962
23660 5542
15442 2378
22283 5441
5079 18555
16009 5542
1420 6296
1812 24901
16138 13188
22813 6440
14881 9717
11783 6006
25887 24355
23521 14239
22274 12958
19524 8158
22822 3432
1598 12753
8197 5542
2456 6296
16918 9717
9180 2378
19770 11761
23863 6322
10412 7290
3580 6296
14296 9502
6556 10723
7621 21914
16960 5541
2673 290
17028 14212
7533 6476
25950 24927
10913 11281
13323 9883
14362 1945
4406 15369
20565 9567
3835 24279
23058 598
12848 9948
14482 6535
8753 12753
21174 6775
23344 8565
7725 23637
17404 2555
13652 12435
4143 8413
19882 6381
26340 25266
12991 1680
15033 11949
12918 2709
23375 10357
15249 10723
4920 13571
20369 6775
22272 9668
11861 4572
15604 24493
13067 6322
21988 6440
20211 8013
16610 2378
17557 2555
8872 11631
12274 6999
3716 24438
3736 18610
20411 2709
10181 14679
22988 6303
11866 14442
15680 14790
12492 25043
21494 15772
4343 10386
15160 4554
646 12326
10953 6999
23811 12359
14315 5542
14586 8158
23922 5062
873 24484
9079 2283
13057 8158
21164 6333
24106 5535
14843 7269
19357 15078
17863 7347
14232 7553
20143 598
7634 10723
7588 290
3406 290
24137 3475
309 8653
22566 6476
2767 13571
19532 15042
26950 7172
16668 14835
10808 6296
27431 1705
7558 20138
497 8457
14829 2283
22981 12890
16034 13460
25929 6476
22942 12543
22856 290
21025 9717
20644 12970
20545 10173
20780 5477
22898 12238
7384 22969
9882 290
21276 9514
16128 18610
14389 5062
666 18763
10762 16609
21073 11293
12208 9514
3337 12754
9273 598
4015 12753
22888 1403
17207 598
17597 4085
19511 7701
8564 24496
784 290
21550 4085
23082 1403
6746 6296
6865 1403
1854 12754
3129 7468
22355 7358
26865 20060
18186 598
15855 6381
18820 13915
19825 6322
18276 10500
17531 3291
4181 2012
21939 5802
17703 3978
20043 2378
9498 4618
27573 25718
20264 4648
21295 3846
13310 229
15055 12753
23948 8573
5433 8169
15070 7347
23718 2395
16511 11135
5086 24279
2892 6758
11460 14004
3343 12696
8735 8720
2065 14679
18212 9202
19957 4693
12116 14736
1123 24330
40 2283
20821 598
11845 3846
12200 24575
1156 6381
3353 12060
22634 6401
2876 8413
3114 229
26961 26388
1625 24279
14712 9717
23354 6535
27200 18732
13322 8037
9460 2709
17610 13831
25506 24856
20464 20060
26078 24392
4296 12060
19247 2395
8699 20060
3401 6296
16508 8169
13996 5542
1494 12060
4182 6296
431 18263
6093 5539
27400 6296
13664 6860
10418 12057
13655 18623
944 6758
17070 8971
27558 6006
688 11137
7930 2395
26688 12754
27305 7691
18932 5541
12462 10494
19248 12798
6457 24270
20303 3964
1486 8169
5084 2283
15238 1403
19389 1054
3999 6476
975 6601
19956 14133
576 8413
14415 1726
27104 14380
16776 9717
18403 8165
21166 9567
27053 2283
8309 1403
2380 7430
26847 24736
1197 12753
15853 20655
18118 7703
848 7127
12510 16550
2185 11654
25983 8133
7951 6216
6943 598
8215 8413
26074 6758
22287 13073
23350 3964
2144 24364
2656 6296
22239 24509
16281 2006
26674 8042
13086 6881
15320 6139
21001 8165
14465 2565
15302 7447
22930 8165
23172 3852
2850 12696
9111 20173
12755 12326
18044 4128
21371 8565
24172 2006
5614 2123
18364 9717
17088 4618
4501 18263
2306 6296
14683 6476
17442 9717
19053 12715
19939 10418
1752 2123
15882 6322
20330 8169
20080 10854
19745 20071
10688 24398
7057 14345
11057 11156
6 8413
13122 7327
18185 6059
14993 24315
6818 1101
21311 7919
17296 3291
12040 12080
8314 16152
23105 5476
15291 598
14128 9717
19455 7159
10671 24398
14792 5802
21663 24523
16790 9668
25795 24364
23817 9204
8503 6296
5265 8132
2165 6296
3438 6296
23406 229
15453 15400
4417 12060
3201 24736
15578 2395
27030 25043
12457 8529
26174 8653
20189 7127
25434 23158
5874 24496
19543 5062
2694 5542
16027 5542
15789 5542
17273 598
17235 12629
19799 5552
4337 10102
15473 18763
20796 7347
23717 5062
2525 14446
16912 5541
11247 2006
9360 2378
15155 2378
1291 13460
12908 2123
21967 8064
23277 11654
14891 6296
25878 10117
21322 15924
17132 18340
16845 9717
23334 18179
490 16348
3046 14679
26160 24979
12224 14442
24141 9668
18137 18877
3138 8653
17796 13683
21120 19107
12789 3978
2164 12754
1423 6296
9068 6440
6345 6601
15808 11935
11585 1403
21347 1680
23623 9668
14024 8190
15352 7347
1330 8169
23961 3846
6947 5542
7059 3553
24228 5541
16545 10399
4744 6296
7601 25266
4240 6296
1147 6758
2186 2283
17670 11135
18751 9155
23859 8653
22814 17318
15246 4494
17094 9775
24163 4727
26658 14679
20435 5542
19559 9825
1375 10330
19899 17095
10668 24398
17839 5552
20136 2555
15327 3827
19875 12431
21446 598
10722 6381
26395 9058
17591 5541
14214 7654
16577 13855
10154 14736
21962 7347
11985 9948
2754 10723
18997 5535
15945 13439
11359 3471
5701 18910
5446 8413
21303 6296
11483 9948
7792 24621
19641 8707
16386 12020
6301 23687
7662 11631
5796 19662
20077 1810
16528 3667
5078 2565
41 2283
27122 14679
17283 598
13081 6493
4674 4618
5620 8132
23128 10728
12075 2565
21190 5541
8881 598
18680 1772
24164 7347
22316 1793
18833 2926
13917 18502
7953 10102
395 8413
12575 10448
21404 14769
21748 9902
1947 8348
1898 5062
15179 8285
3756 18568
19245 290
17370 7648
4923 4618
16720 12660
3248 4128
2744 5542
15191 5542
615 290
8747 8132
6041 14769
26819 26180
17788 2395
5422 11275
3105 1112
8040 19236
13331 6476
15728 13399
16995 2378
18258 11947
17858 9948
8602 2378
388 24270
11187 6296
27636 8465
6551 3574
11855 6296
12309 11155
4479 6296
16480 6476
16645 3291
314 6758
9939 19236
19700 11318
3585 5835
4140 10723
20271 9717
22870 12361
4777 8465
15448 20060
4074 12059
3440 12753
2312 8169
9347 2395
523 6296
11540 290
14524 7004
21193 1705
10848 10856
16608 1403
266 12753
21636 16167
15783 6472
23485 6476
21104 2378
27261 13031
2478 10723
5117 6296
15209 3159
9299 17745
5726 7648
22867 8064
930 6296
5883 229
15225 7347
17012 9898
943 14410
12046 6440
9442 6296
19354 4950
10200 4572
9108 12753
12797 7347
721 1112
24132 4612
26233 8413
3958 12326
3796 6296
20202 10773
17362 2006
21753 6976
23415 3291
22128 7347
12963 5541
5129 6476
21345 11389
23979 8158
19040 5378
10869 20060
9923 14652
22066 2555
3614 20060
17574 24504
23769 8158
26459 18340
5459 11295
16096 10793
10672 24398
16533 9717
1912 5542
16667 26582
3768 8169
20378 1810
22550 1101
26385 24356
21441 9668
20516 6145
27152 6296
2388 13571
26403 25514
19320 12209
9496 5541
8195 20060
16685 10346
5505 290
7523 24493
17393 9717
12463 4494
4681 6758
23017 24438
23698 2696
21887 5124
25837 24843
23721 5542
21981 6951
27013 7691
3568 3574
5488 8659
7746 10102
1515 6296
8410 14679
7877 229
1857 8895
27288 19666
23642 8152
17161 15348
7221 13140
16238 13475
23745 598
9262 16010
22084 8158
21556 13708
8002 5062
26499 9846
18553 20037
20024 6999
9369 6476
1048 8169
27502 12754
7055 7070
11144 2283
20051 18524
11071 2123
13084 10773
1915 6296
13203 8013
5960 8529
5148 24242
25459 19236
20782 2378
22000 9717
21895 3964
22781 12896
17950 14343
19539 8064
22749 1054
7229 290
9507 2395
7142 8659
24830 20020
4868 9948
22770 15042
19348 2395
4165 8659
1206 16021
6515 5542
21200 2378
17537 5700
330 14679
20324 12326
22648 7716
9291 5232
19096 7070
11273 18610
26619 16609
2420 19236
8095 24146
3300 12754
25942 24364
21902 7207
4105 16988
20355 13194
23974 5552
8782 290
6979 11631
1294 12754
1853 13941
4322 22990
670 6296
2216 12754
8374 24979
13695 3574
4213 12326
19552 11156
18569 1680
9339 598
2592 6296
21209 2395
26084 15031
1411 24398
24171 8013
878 3994
19777 14212
485 12753
5419 24045
2904 8413
676 12753
17641 9296
17894 5552
3593 12696
11030 6758
19856 15184
22321 16662
9179 5232
2052 6296
22554 5541
12536 2924
21432 7070
19686 6476
14621 1101
18955 598
20757 1726
21861 13461
1635 5542
21918 11949
22074 15744
8399 7127
21475 12092
13469 5542
21332 10199
10936 6322
19293 15545
6034 6758
5660 11137
20111 6296
21499 3291
7962 12984
17096 6381
3177 6296
13120 19758
2624 2123
22980 8565
14357 7607
832 14679
27361 13140
36 12753
17797 7290
18608 598
23621 6303
14724 15163
24460 24270
21593 4554
20358 9962
6380 6296
27583 12754
461 6758
14550 6296
23673 21100
12823 11156
18005 12431
20313 27123
10800 569
15199 598
2424 24438
18065 8790
20572 6352
15909 2378
10731 24509
16411 9717
5184 12754
26611 20558
6327 10102
9936 10117
1794 24755
3897 8457
6089 9058
2464 290
13900 7900
21569 16383
7496 24493
11957 598
3425 1112
3317 12754
18718 2378
12495 11913
26718 12754
1149 11155
15525 3654
19224 2924
14696 25796
7888 6006
5713 19236
3972 6296
8533 290
3280 290
3561 290
18107 2395
17479 3964
7670 12753
2664 2283
18230 957
17514 18568
15257 3846
27501 20060
4332 2283
12335 18524
20317 1403
16198 598
19828 6322
22025 6476
674 6296
25808 10723
1385 10102
17861 22149
15506 14835
24193 1403
18068 12092
1956 8413
6941 7272
17057 9591
12917 20060
8067 2283
18436 11295
8774 290
22451 9668
20726 12935
20503 598
22140 9367
4550 5827
18412 3994
13545 13571
18122 8285
13101 25260
16998 20655
21429 23637
16007 8529
19147 7070
23559 7029
22226 598
27761 25812
19506 6006
2301 6296
19165 5552
23454 6306
18914 6306
19647 6735
15459 25266
3976 5062
6765 8413
15150 2926
14279 1112
21841 10418
20728 2395
19055 2378
13008 7347
26401 10990
6005 21914
4830 24509
13193 6322
4001 6296
27727 10346
7898 18610
23542 11947
23980 2395
2794 8405
9598 11295
14194 7201
2594 24484
27736 7070
3294 13941
18468 3471
9439 12696
19305 8565
23435 11713
22833 2395
1525 6775
20989 14432
3500 14736
19505 5541
18879 12092
12532 10723
16385 12409
22505 8752
23333 8565
2184 11729
13476 1680
25560 24596
9768 6296
1707 5802
2353 13571
19513 598
23476 6306
17426 4612
11456 24493
23964 5539
12842 12754
4265 18763
20942 9717
2598 7127
27365 290
14260 6296
20431 2709
6537 2283
23987 2283
20311 6382
18349 11319
7233 6296
2948 9948
21233 2378
12707 16152
13473 6476
17685 8440
13779 7648
10607 6758
793 6296
2254 6296
22929 11919
16483 2378
13521 6324
18487 9019
26114 7172
23068 8165
22831 4502
11541 5493
17159 5542
20754 15369
21022 598
5093 5542
4447 6296
14212 6684
2921 20060
1921 12753
15374 6476
21916 11112
26334 2123
19106 9825
1959 14679
13399 15042
14985 3291
25429 8653
3726 12753
3135 21288
17630 5541
22671 9031
19834 15744
20397 8330
4816 25616
2061 6296
27136 14446
4364 2283
1510 6296
14349 14345
17359 8013
2027 12753
15902 2378
2727 2711
1845 6476
7629 25559
14565 6476
19130 2378
16523 15369
27689 12754
22623 6951
7674 7648
626 290
1244 13571
11763 8108
12591 16347
18737 2709
5394 6296
3878 12465
23408 598
25092 16984
