3985 3825
1051 3825
6908 4658
1255 618
5810 3825
5320 3825
7649 5310
4669 1510
5306 4886
791 3825
4718 2133
1530 4658
6045 1510
3961 4658
2199 5793
5907 4658
1500 6965
841 6965
5482 2133
4696 4876
4587 3825
6881 8227
4316 1510
5775 2133
4248 2133
7403 7690
5760 4658
2555 3908
2991 3036
1447 5793
584 4658
4554 6680
7429 1510
4922 3825
4073 3825
4509 3908
1097 6965
3666 2133
2900 4658
8071 4658
2502 4658
5278 4658
5475 2133
3051 1510
583 6965
2516 3825
3003 4658
1789 4580
1083 4658
3086 4658
6958 1510
2998 4658
5998 5793
2057 1510
4826 5665
1865 1510
2497 4658
1663 2798
5064 4880
2236 5793
7647 7672
2134 5793
3213 4658
918 4658
432 4658
4326 7672
3997 3908
1058 618
4069 3908
177 6965
5535 5793
948 6951
4948 3825
935 618
7902 7672
6969 1510
3916 4658
2621 4658
1571 6965
6974 4658
8153 4658
3992 4658
329 1581
6800 4658
3854 3825
1876 4658
4276 2133
8049 6951
6797 4658
7511 4886
4213 3908
149 618
3189 3825
7268 5145
4983 6680
872 618
7754 4886
6479 8271
4721 4658
5544 4658
3586 4658
4263 7672
943 1510
4422 4886
4686 4580
31 6965
1678 2956
232 6965
5986 7672
7451 4886
2740 1970
3039 4658
6538 4658
225 6965
4139 3908
5111 1510
5961 3036
3305 7672
4694 4876
479 4658
6526 4658
205 4658
1741 8175
4640 2422
697 3825
546 6965
5562 7672
310 4658
6644 7534
7661 4658
4697 4876
7884 4886
1448 2679
6272 4658
4836 4658
2596 4658
960 1510
4805 8058
5910 7672
5104 2679
1432 4658
4821 2422
5950 8175
3052 1510
1698 4658
3271 3908
4910 4658
1670 2798
4398 4658
343 1581
808 6965
2200 4658
145 618
4277 3908
6030 4658
2665 3825
191 618
7578 4658
1658 4658
4598 3825
7721 6987
6736 4658
7341 2133
1441 4658
3061 1510
4833 4658
1326 6965
1243 5793
1055 3825
4934 1510
6875 6987
4459 4658
2197 4658
7092 4658
7618 1510
5914 4658
5198 1510
6024 3825
2269 6756
333 6965
4688 2422
4647 3825
4663 3908
4530 3825
2840 8175
1465 5793
50 6965
2950 2798
2380 3205
2987 5793
6834 4658
2365 618
1322 4658
1000 618
135 618
3343 2422
6218 7765
4135 3908
5356 8227
1225 1970
4162 4658
968 1510
1311 3036
1245 3036
239 6965
978 6965
222 6965
5452 4658
2198 5793
3470 4658
6346 4658
3276 4658
1362 618
265 1510
5462 2133
4816 3363
6506 3832
962 4658
2001 2798
7598 5310
981 2679
7056 7672
100 6965
4665 2133
1961 3908
636 1581
3995 4658
3531 3908
1457 5793
1553 6965
6651 7534
3663 3908
5069 2133
3709 1510
4592 4658
3041 3825
5437 4658
4556 6680
1924 3825
261 3825
4128 3908
5136 3036
3259 3825
1045 5793
5117 6951
6924 5665
4903 3825
2251 2956
8265 7765
5072 1510
6780 4658
2390 6983
898 4658
3684 3908
2010 7672
5193 4658
1744 4658
1975 2956
4321 4658
1689 1510
3648 3908
3436 3825
2194 1510
7930 4658
4223 4658
6023 3908
7302 4886
1867 6987
2699 5793
4582 1510
3779 3908
7054 4658
7402 1510
3148 4658
3046 3825
1388 1510
5718 7672
742 4658
7251 4658
971 2956
2713 4658
7227 4658
2696 5793
6219 5782
5581 7991
7780 8227
7875 6951
3156 3363
285 4658
7600 7672
759 4658
4175 3825
5179 3825
6922 4658
1221 2956
1623 4658
1868 2798
975 5793
5166 3825
1731 2798
2114 1510
2241 4658
2278 4658
1717 3825
4476 8175
5501 8058
5799 7909
6168 4658
2834 2798
4744 4876
5566 4658
5213 4658
3386 4658
6611 4658
4932 3908
5401 5145
3729 1510
4465 6475
4496 4658
1137 6965
7882 7672
7503 5310
1124 5793
6726 7690
1380 5793
1059 618
4169 8271
3054 1510
3744 3825
3300 4658
4538 4658
2293 2798
592 4658
51 6965
3356 6756
688 618
5919 4658
3656 4658
4342 3908
7949 4886
1772 6965
1345 4658
6177 1510
1799 5793
5286 5793
3355 6756
4599 4658
1964 2133
3999 4658
1501 6965
4547 3908
5422 6951
1991 6965
1235 4658
304 1510
2620 2798
172 4658
3557 6756
2833 8175
665 6965
7719 4658
5983 7672
914 2679
1928 4658
3614 2133
5201 4876
3832 2133
3718 1510
102 5793
1074 618
1185 6965
211 6965
6617 1510
5917 4658
6421 3036
7379 7672
6560 4886
7157 1060
1352 618
74 6965
7727 4658
3981 4658
4700 4876
5969 4886
879 4580
4709 2679
2689 2133
6006 4658
192 6965
6758 4658
1808 4658
2626 5793
1100 4658
2135 8227
18 4658
5746 6983
6960 1510
7458 4886
3876 3908
4597 4658
1566 5793
859 4658
4154 3908
2212 1510
7865 7672
7022 5145
3600 4658
1647 2956
7239 8271
3991 4658
3759 4658
4943 2133
5884 4658
3087 4658
6350 4658
718 2956
2235 4658
7594 4658
838 5793
5123 3825
7019 6680
4228 3908
513 6965
2292 2798
4313 4580
1502 2679
4532 4658
1374 6965
6114 6680
7394 2133
156 2956
6454 6951
2476 1510
3922 8175
3965 2133
3249 5793
3391 3908
353 6965
5275 4658
4406 4658
5868 5471
5526 2133
4837 4658
1766 3908
1833 3908
3160 3825
1480 4658
6598 1510
3196 3908
2232 3908
6895 1510
4681 3908
4762 3908
7409 1510
5531 3825
6654 7534
125 6965
6658 4658
4733 4876
2727 2133
6596 6987
4205 4658
3771 4658
2938 2956
658 618
4757 4658
2551 2956
3735 4658
66 5793
7665 5310
5357 8227
708 1510
861 4658
7110 2133
334 1510
4137 3908
8190 7765
4071 3825
1365 4580
618 1581
3059 3205
7120 6987
5194 4658
6406 6756
99 6965
7046 5310
78 6965
5669 4876
6771 5145
3900 4658
6962 1510
8048 8227
326 6965
5660 4880
1695 4658
3603 4658
501 1510
2558 5956
7775 7672
6884 4658
