21046 2861
1014307 345
414941 101460
777534 11292
682556 2861
930686 122451
824445 244679
496589 208068
325265 10087
753834 17574
1036656 307649
387193 79
861747 275735
816646 216514
417549 2224
825848 4521
44737 2861
816528 765027
520505 27366
153783 2861
272751 11292
433926 123316
212040 11797
663718 29
744037 9860
934669 67592
423380 108613
280733 27758
916178 5488
374947 29093
702449 7897
93157 1800
734641 10656
701045 7676
934851 67592
947831 313812
36964 702
860305 41957
315240 135
330517 11292
60191 1009
869966 334984
1146812 5686
552141 324751
425476 11292
432745 122683
717764 20162
734796 11292
517543 181826
249910 20162
372972 79
743075 9860
624725 632947
943554 244679
1132042 153455
922764 117520
1082394 6726
439856 79
262489 17362
1045703 11292
187634 2861
472190 104203
694091 2861
395303 4465
582569 342797
732386 16267
989500 889378
946427 71501
506282 222573
920132 1722
609847 1045476
885534 615174
475315 11292
619139 65090
694401 4869
1124506 968401
727480 21601
354226 66344
195431 7897
983908 602498
469773 28835
671438 702
1078244 287954
1069755 1062696
1134286 827421
896931 28926
411615 100016
594219 462499
676835 2158
317049 2322
483620 9635
363964 6981
30791 534
723790 11292
1100098 2861
586701 437212
85105 3566
772027 93228
562414 351171
386590 11292
793491 28245
1120662 2861
1150050 1150056
509192 188838
469997 173364
788696 61731
193213 7897
706761 2861
580525 263165
829629 11292
995274 1037457
439272 85816
916557 81954
50165 2861
693585 2861
1036346 6726
209639 11797
173472 2861
1064337 90382
418147 104179
71632 3362
45879 3517
359816 79
25940 135
283178 88988
523915 127680
933199 176428
482369 27507
492737 202944
592316 318425
1108302 147
170570 5067
674916 3362
924500 114266
280283 27507
863103 463880
124812 3090
1083179 237137
850152 375962
325483 10087
1071328 37412
134036 2861
249253 20162
307278 38335
387381 79
767201 76129
894253 764128
41844 2861
937930 202231
721333 22013
375325 78614
304771 30721
626484 596530
699550 1107951
521348 7375
493265 79
73124 135
633418 626332
415193 2861
137270 2861
1080762 8804
1039087 21601
950848 307273
948336 6726
43543 2861
791242 686712
499541 214059
375130 213700
905601 21459
390117 79
685106 669331
454899 136019
136966 3566
819249 165962
263984 11292
316808 8807
88883 1920
703028 2861
400207 11292
796511 10656
284758 28926
462740 163443
219551 345
628744 1145463
486492 194022
695516 4869
1104840 502677
123577 2861
537248 286701
220559 345
808007 79
732920 5067
337366 7897
414135 79
420484 2322
530239 79
859751 454401
799605 20162
666275 29
463118 79
65311 2861
476825 62168
230907 2861
1032077 3566
674807 3362
129218 3163
545305 29943
747667 5067
411495 100089
668709 3362
1027753 139462
952537 318539
181480 6664
857811 269631
1091802 682510
681727 5581
862710 271115
537149 11292
252889 20162
804791 178456
1140441 589447
1017037 200814
359208 23728
220674 345
840458 556499
289914 30759
782113 79
471444 23761
1039120 21601
677509 2861
615894 47829
589800 315724
179366 6377
733010 16267
404642 79
391591 6527
63892 2158
1042758 11292
363046 23148
128503 3362
220373 345
1155242 604351
163827 4869
225486 3566
382894 11292
865936 6767
683791 2322
573124 384418
682133 5416
400734 79
449385 118950
932934 170362
1069616 21601
496415 2861
122245 3362
978581 851121
818734 166634
941341 224738
172780 5067
10112 5
782467 79
6721 5
528410 268927
1101430 12484
441616 83233
782146 79
1078740 457755
542651 302423
693901 3566
180107 6377
157083 2861
918939 91907
23573 28503
819682 27851
285888 29501
393532 47001
1101238 153939
822728 98184
993516 68597
157262 2861
783028 11292
179106 1061
855742 10372
779091 11292
697681 5067
969908 435587
349683 20162
764204 8600
338621 11292
485596 192694
157585 2861
260538 3362
27778 135
86418 2861
748991 2861
498774 213155
655822 155588
946105 265511
612876 470453
678639 2861
519993 49622
808052 74501
616955 213478
836270 294648
138622 3566
1144126 3362
849849 309627
901130 9860
41676 3362
166470 5173
374606 6527
571549 379876
1061792 2861
949942 300173
851926 105353
857868 430877
106048 2861
528935 89215
925903 122683
56051 2861
144107 3566
1133160 5581
551739 616517
417517 104155
781654 79
1142171 2861
767387 1977
767118 76129
984364 494676
448464 139217
559536 199259
1107038 510267
170730 5067
933021 170362
553576 12044
250298 2861
528949 89215
307717 5581
109421 2803
438335 79
559699 4465
665775 2861
1083097 1083094
133328 3362
450735 142930
651425 20162
333240 23761
159166 4869
476488 5173
950803 304021
41853 3362
818619 2861
1027417 693256
419233 79
245222 20162
810639 158927
993904 66839
264490 23581
326107 3362
884706 166672
331914 23761
1133698 91331
529443 270678
178246 2861
949471 733010
222167 345
902368 18848
842331 327639
536598 282573
368037 75056
890808 155847
161338 2861
608917 482460
419504 107204
13074 3362
1013358 999011
330492 23761
399998 93228
477532 19376
814308 207796
182226 2861
132179 3362
472645 176186
789820 11292
531409 274609
202757 5150
698540 5067
1114614 2861
1049320 295010
1150154 2861
485528 2861
320403 996
1780 29
303401 6527
943190 238146
538212 290748
436866 30756
361254 79
122545 3566
406815 92908
471723 101658
95029 2861
382626 1722
1037720 183493
915851 345
202024 6726
1149701 67098
1133309 758
397641 92908
373833 75388
961385 420916
52872 2861
721584 20162
599130 99526
133597 3362
1133728 202541
272095 11292
22305 3362
1125618 5581
1094439 2861
602342 492230
623276 559091
888425 955197
673353 5
485803 702805
816921 217229
284201 2861
173603 2861
170448 5067
1093578 5
747943 10087
691924 3566
1127877 2861
1027740 433694
773610 11292
525688 153516
818252 221504
1148245 670573
215468 345
45158 3517
150651 2861
378208 79
1033842 2861
490348 734
560319 426873
485917 192790
39141 21678
954417 336711
592261 212002
205666 1061
429593 21824
39659 3362
897289 28926
559162 76129
161821 4869
1031441 496387
613845 384753
442736 28245
137347 3566
837699 302353
1123125 2861
506223 205071
611520 466385
1076219 1043952
152432 3566
136084 3566
88111 2861
8703 2861
420629 11292
97077 1800
1034587 947919
25607 3362
730368 5581
23705 3362
795092 137813
777715 104100
172123 5067
1081999 20162
1068883 463427
692014 3566
479631 184803
110756 2322
1068388 77715
1075107 3163
1131775 21601
146929 3566
665841 135
1131358 401852
1119518 998744
21532 135
884358 604750
291478 11292
557275 336844
194746 7897
924843 107576
321116 4465
568595 370210
215584 345
1069853 906271
926471 9613
1017803 325167
94259 2861
120209 2322
950226 300667
813351 193178
50853 2861
68542 2861
1149054 2861
794724 118494
602003 12430
875579 469743
514206 235752
422286 2861
288505 29943
298387 9860
1125351 2630
1026274 101725
1131928 431152
718288 20162
1062495 137179
468920 172048
692344 3566
337010 19272
82423 345
59196 3362
781109 108613
564180 355562
337832 19980
316548 44007
36683 534
10137 2861
167722 2861
120458 2322
90073 18848
825000 186510
563652 101725
1101149 96315
74587 1291
514055 228246
686321 2322
614981 839132
139688 3566
813025 173154
899987 2861
392968 79
1078436 537261
1135018 390587
368651 27428
415404 11292
629496 609610
493901 10614
1082237 38089
986561 620910
918042 69808
1026062 417129
115257 2322
261893 147
96929 2861
24296 3362
334224 12222
473898 37109
555505 332196
849985 9860
1056053 90763
709422 345
875159 1722
476171 3144
448776 79
1087374 19980
527211 266539
775601 79
206710 1061
993584 68597
1088426 491170
189923 7897
527631 267378
1096507 2861
460369 58594
159451 4869
477463 181861
523190 256010
904847 2803
185163 2861
187937 7897
806486 181294
713348 2861
651201 3517
941511 711218
366819 73924
570499 443408
382679 1722
841464 4465
605377 618143
349982 29670
218148 345
802597 670573
672022 534
1145637 2861
1101733 2861
170450 5067
981637 594025
615837 4465
1051830 4869
633706 498805
225268 17319
43631 2861
1143912 2861
563460 303978
49099 2861
1120412 21678
937410 117557
549473 318668
228977 2861
120572 2861
1002407 129589
595317 466210
1083148 72622
884638 629089
132478 3362
717604 20162
776960 20162
912901 12957
531059 11292
921950 11292
973264 524166
929958 122082
602645 323892
158873 4869
445956 44603
1037615 82476
299301 9860
90133 345
294693 10656
838064 78327
704537 17726
404784 93228
835696 287954
368696 64431
1045803 79
197567 345
632583 622796
775525 27366
586096 367001
151200 3566
442678 1162
750446 7313
119543 2861
1077629 53082
286773 29768
408213 679526
7509 3362
922666 693463
150609 2861
345883 6767
1152205 36824
8763 2861
266186 11292
445778 35123
833657 37366
770726 11292
865718 481345
369868 18944
714061 2861
320277 345
232394 2861
921609 104034
379502 8600
1005276 1005277
1157 29
169055 6664
386538 2861
311989 1403
648951 3316
448101 138581
677025 3362
452316 146017
437343 79
774706 100506
1145032 161793
593148 458577
801350 168157
569520 147
65170 2861
185225 6767
493432 203979
142896 3566
156142 2861
29391 3163
875922 534425
1133609 82476
893252 20162
288174 29943
350470 63908
514900 93093
1069119 4684
1128682 288779
864444 332459
476890 703417
1133124 9860
873705 518446
275487 11292
644026 33580
930481 151202
601527 259850
286664 29777
1079246 20162
373782 75388
771297 20162
743282 9860
1072572 1037843
618139 481380
886659 988567
908380 6527
408232 96665
550697 321282
1143709 240973
1120064 406837
786152 685182
126711 3362
554382 488911
1071021 132363
438525 79
692949 3362
1048870 4465
647781 139462
739127 9860
260120 11292
671836 702
985111 315438
254170 21358
165200 6664
1125873 295692
236368 20162
405394 11292
1081550 285475
690704 3362
244733 20162
1099584 33580
270794 11292
486372 72606
908847 345
388163 82890
219626 345
383389 79
1020256 11292
951873 747296
193959 7897
442993 6527
267696 11292
297724 9860
738893 9860
108678 2861
842808 203298
1023455 289649
571653 54616
557680 79
174777 5067
261937 5581
931238 775126
792870 79
180029 6377
4946 29
402358 93228
932751 170362
3072 29
310195 38446
282224 81733
835095 288439
1097308 107968
757 2861
1060136 1061
280023 27507
921653 104034
63037 21678
1145333 279032
985066 1073198
1066286 1116995
1051745 42993
928720 145723
910887 60745
694133 4869
475127 180853
592445 456011
328264 51833
413706 64688
472300 156712
427972 81287
260305 22595
573236 485583
1073451 133540
865768 2041
479193 79
325125 20162
40104 2861
1070888 112217
248430 20162
623243 582171
116138 2322
1092417 3090
727455 21601
1110710 714392
142902 3566
898053 2861
123390 3021
296411 6527
212496 11797
795017 137480
575797 89215
756923 67912
334212 11292
750069 11292
228535 6377
378976 7013
432001 122683
213217 2861
691695 3566
385054 6527
65889 1030
1018777 3163
321115 4465
1065849 114266
153110 3566
284217 2861
545645 738334
746332 9860
69641 2861
720388 21459
790156 22382
669936 2861
297284 147
403564 79
1124007 106533
289060 29777
323639 1291
551488 648250
862556 624669
857300 388368
966131 465037
238318 20162
965090 454245
781994 79
1020571 128753
1050747 35227
254022 7892
461242 159770
314086 7897
809753 192694
25783 3362
396674 91907
701255 6767
70583 2158
353378 8403
485500 122626
121521 5416
594481 332592
422692 23581
190708 5581
254766 21459
863894 197658
357418 20162
161776 4869
610824 828966
385112 85058
709926 1061
353441 72428
700816 2861
493500 136327
134859 2861
943438 76049
1119309 141382
721407 22013
185307 6767
1134100 81184
301539 345
472572 176186
295622 33580
810099 146779
901029 21678
241839 20162
1133534 122082
77910 2861
476931 698878
263350 482
271287 2861
400196 11292
475784 179456
559021 79
778317 11292
365938 73201
204345 1061
983189 3163
375415 79
278663 11292
234561 177
524433 722068
280864 2322
540635 295673
153334 3566
304217 30721
1098422 82476
1121575 818715
57482 2861
995776 702459
388131 76129
506786 3362
929883 122082
225010 17319
477734 128275
985877 616275
548173 315156
130132 3163
330851 23761
410825 1976
446682 136569
579110 259850
926582 10614
199761 2861
261598 17362
593095 798625
592876 65132
304339 30721
1096388 6726
866529 2861
929730 122082
1119280 21471
356648 7134
208774 2861
515337 237456
1101948 48365
171473 5416
506763 161008
729969 11292
1089405 7974
1105103 753912
207480 1061
84813 345
1074373 3144
894971 3517
1089895 38781
437419 79
1106702 499925
1029434 294979
215383 345
189965 7897
1097520 365801
485752 39576
136468 2861
1036157 3517
833524 281405
22940 3362
843762 147863
461678 79
714954 20162
937752 202231
13683 3362
915000 74501
493689 204237
650937 177
1056200 11292
1076632 11292
203938 1061
221409 345
850647 379443
1125658 197644
719928 21459
220124 345
142164 3566
590704 270084
1105395 232180
715747 20162
322918 11292
1150043 79
303892 5581
281796 19376
349429 31909
1032236 11292
515596 222537
252768 2322
1135377 4869
545908 311212
570639 376988
586842 306642
480602 186300
599800 173787
914137 5
529281 100188
200345 7897
550076 319801
242539 20162
246798 20162
817445 90382
301923 18549
540618 11292
846882 165929
607874 613127
1028428 3090
16321 3362
863649 454092
722525 482
698930 6377
